 10775 -31651 -1  3
-21064 -42262  2  4
 53217  53247 -5 -5
-42269 -52869  4  5
 10768  53245 -1 -5
-31694  53253  3 -5
 42632 -10428 -4  1
-10439  53253  1 -5
-21043  42635  2 -4
-21032 -52876  2  5
-52911 -42259  5  4
 10771  53252 -1 -5
-31695 -52867  3  5
 32001  21417 -3 -2
-10478  42641  1 -4
 42611 -52871 -4  5
-31662 -21031  3  2
-42288  32025  4 -3
-10441  42638  1 -4
 10799 -31651 -1  3
 10796  42635 -1 -4
-42276 -31652  4  3
 21372 -31650 -2  3
 10800  10799 -1 -1
 21367 -52870 -2  5
-42267  21411  4 -2
 42627 -52875 -4  5
-10441  42639  1 -4
-42305 -31648  4  3
 42640 -42264 -4  4
 42583 -21031 -4  2
-31681 -21037  3  2
 10801 -10424 -1  1
 53244 -21039 -5  2
 53235 -21040 -5  2
 42592 -31652 -4  3
-10428  53252  1 -5
-21092 -42260  2  4
-21083 -52867  2  5
-31681 -52871  3  5
 32015 -21035 -3  2
 31967 -42257 -3  4
-42277  53252  4 -5
-42269  53244  4 -5
-31654  42638  3 -4
-31680  10798  3 -1
 21381 -31649 -2  3
 31979 -21032 -3  2
 10769 -42260 -1  4
-31705 -21040  3  2
 53248 -52869 -5  5
-10424 -31646  1  3
-31702  42632  3 -4
-42288 -42257  4  4
 21355  10800 -2 -1
-10457  10797  1 -1
-21052 -42255  2  4
 10777  53244 -1 -5
-10452 -31650  1  3
 31983 -10419 -3  1
 21355  53245 -2 -5
 42603 -42257 -4  4
-31645  53250  3 -5
 21392 -10420 -2  1
-52881  32026  5 -3
-42297 -21037  4  2
-10425  32020  1 -3
 10759  21408 -1 -2
 31979  10796 -3 -1
-31649 -10428  3  1
 10794  21414 -1 -2
-10461 -10425  1  1
-52908 -10419  5  1
-10449  42635  1 -4
-42290  53249  4 -5
-31652  21410  3 -2
 31985 -31648 -3  3
 21374 -31647 -2  3
 21379  10801 -2 -1
 21356 -31643 -2  3
-10422 -10423  1  1
-31665  53246  3 -5
 10791  53245 -1 -5
 10763 -52869 -1  5
 10796  21413 -1 -2
 10783  53246 -1 -5
 10788  10804 -1 -1
-21061 -42256  2  4
 31992 -21039 -3  2
-21069  42637  2 -4
 53215  10797 -5 -1
 10793 -52872 -1  5
 10759  32028 -1 -3
-52876 -52870  5  5
 21355  32022 -2 -3
-31693 -42263  3  4
 42582 -31648 -4  3
-42264 -10421  4  1
-52927  32020  5 -3
 42608 -42258 -4  4
-21057  53244  2 -5
 21355 -42258 -2  4
 53240  21409 -5 -2
 32025 -52872 -3  5
 53203  32021 -5 -3
-42301 -42256  4  4
 10767  32028 -1 -3
 53240  53246 -5 -5
-21040  21416  2 -2
 10772  53252 -1 -5
 42599 -31650 -4  3
 42597 -10423 -4  1
-52894 -52867  5  5
-21066  53250  2 -5
-31704  32020  3 -3
-10469 -21033  1  2
 21375 -21033 -2  2
 31995  42639 -3 -4
 53247 -31651 -5  3
-31693  21413  3 -2
 53219  53251 -5 -5
-10452  53247  1 -5
 42638  21412 -4 -2
-21048  21409  2 -2
 21381  53248 -2 -5
-10452 -10422  1  1
-21040  53250  2 -5
-10456  21410  1 -2
-10464  21415  1 -2
 42580  21408 -4 -2
-21093  32028  2 -3
-52905 -42260  5  4
 10791 -21038 -1  2
-31681 -42260  3  4
 10775 -21038 -1  2
-10440  32020  1 -3
 42598  21413 -4 -2
 42621  21417 -4 -2
 42638 -21036 -4  2
 42616 -21039 -4  2
 31972  10796 -3 -1
-10432 -31651  1  3
-21058 -42264  2  4
-21076  42638  2 -4
-21040 -21039  2  2
-21053 -52873  2  5
-21093 -21039  2  2
-31693  10803  3 -1
-52917  10801  5 -1
 21380  21410 -2 -2
-31705 -52870  3  5
 21367  42635 -2 -4
 21373 -42260 -2  4
 10755  53245 -1 -5
-42305  53248  4 -5
-31697  32028  3 -3
-21077 -31651  2  3
 53193  53253 -5 -5
 32016 -52874 -3  5
 21403  21415 -2 -2
-21035  42637  2 -4
 42627 -31652 -4  3
-21050  53244  2 -5
-42258 -10423  4  1
 10803  32022 -1 -3
 21360  53244 -2 -5
 31996 -21031 -3  2
-52902  42637  5 -4
 31994 -42259 -3  4
 53224  21408 -5 -2
 10776  32020 -1 -3
 21371  10797 -2 -1
 31971  32020 -3 -3
-10425 -42256  1  4
-52869 -42262  5  4
 42612 -10428 -4  1
 10796  32025 -1 -3
 10743  42637 -1 -4
 42590 -52867 -4  5
-52929  32028  5 -3
-10470  10796  1 -1
 21413  53248 -2 -5
-52905 -52869  5  5
-52895 -10428  5  1
-52881  32029  5 -3
 10803  21411 -1 -2
 42599  21410 -4 -2
 42636 -21038 -4  2
-31701  21412  3 -2
 21403 -52867 -2  5
 10767  32022 -1 -3
 42615 -31652 -4  3
-42276  42632  4 -4
-52873  21417  5 -2
-10452  10798  1 -1
 42632 -21040 -4  2
-31700 -42255  3  4
 10804 -21032 -1  2
-31665 -52874  3  5
 53196 -42255 -5  4
 10786 -31652 -1  3
 53203 -42260 -5  4
 31970  21408 -3 -2
 53228  21409 -5 -2
 10800  10799 -1 -1
 42638  42637 -4 -4
-21037  32029  2 -3
 32019  32028 -3 -3
 10743 -52872 -1  5
-31669  32020  3 -3
 10746  32020 -1 -3
-21061  10804  2 -1
-10437 -42264  1  4
 42598 -10423 -4  1
 10775  32024 -1 -3
 42623  21417 -4 -2
-21064 -10427  2  1
 10800 -31646 -1  3
 42603  32026 -4 -3
-42299 -42260  4  4
 42632 -21040 -4  2
 10760  10803 -1 -1
 53235  32020 -5 -3
-42317  42636  4 -4
-52877 -52869  5  5
-42256 -52875  4  5
-21034  32024  2 -3
-10433 -21033  1  2
-10481 -10425  1  1
-52924  53253  5 -5
-52897 -21033  5  2
 10767  10798 -1 -1
-21045 -10422  2  1
-42308 -42255  4  4
-21051  32029  2 -3
-10465  10804  1 -1
-10469 -52874  1  5
 32000 -31643 -3  3
 10743  32025 -1 -3
-21069  10802  2 -1
-10433 -42255  1  4
 32027  10799 -3 -1
-21084 -42255  2  4
-21081  21408  2 -2
-21045  10802  2 -1
 53252 -21031 -5  2
-10455  21411  1 -2
 10775  21416 -1 -2
-42317 -52868  4  5
-42305 -42259  4  4
-52929  10805  5 -1
-31673 -21034  3  2
-42289 -10420  4  1
 53223  10802 -5 -1
 32001  53253 -3 -5
 10794  21413 -1 -2
-42293  21412  4 -2
-52887 -10428  5  1
 32004  53252 -3 -5
-31665 -10421  3  1
-42264 -21037  4  2
 21387  32025 -2 -3
 21416 -42255 -2  4
 21403  32022 -2 -3
 42579 -52869 -4  5
-10481 -21034  1  2
-52917 -21034  5  2
-10457  42632  1 -4
-42298 -21036  4  2
 10743  53253 -1 -5
 42627  21413 -4 -2
 42595  32029 -4 -3
 10775  10803 -1 -1
-10479  32024  1 -3
-52876 -10419  5  1
 32003  32029 -3 -3
-21053 -31647  2  3
-21090  32029  2 -3
-52876  32024  5 -3
 53240 -52875 -5  5
-31644  53244  3 -5
 53215  21409 -5 -2
-31689 -42263  3  4
-21089  32024  2 -3
 21408  10797 -2 -1
-10481  21413  1 -2
-31657  10800  3 -1
-31670 -42255  3  4
 42603  21417 -4 -2
 31996  53251 -3 -5
 21413 -10423 -2  1
-10429  10804  1 -1
 42627 -52868 -4  5
-31665 -42263  3  4
 21392 -42256 -2  4
-21040  10800  2 -1
-10420 -21039  1  2
-10441 -42261  1  4
-52928  32029  5 -3
-21081 -21034  2  2
-42260  21414  4 -2
-31644  32021  3 -3
-21040  42636  2 -4
 53251 -10425 -5  1
-10448  32029  1 -3
 53199 -21033 -5  2
 32015 -10424 -3  1
 21390  53253 -2 -5
 42631 -31644 -4  3
 53219  42639 -5 -4
-10464 -52869  1  5
-52913 -52867  5  5
 21376  21416 -2 -2
 10803 -42257 -1  4
-10428 -42258  1  4
 10753  21417 -1 -2
-21064 -52873  2  5
-10460  21409  1 -2
-52881  32023  5 -3
-10461 -10422  1  1
-42280  10797  4 -1
 53231 -21036 -5  2
 21387 -52872 -2  5
-42317 -31643  4  3
 32027  21415 -3 -2
 10786  42632 -1 -4
 31999 -10422 -3  1
 10772  53244 -1 -5
-10449  53246  1 -5
-10464  42635  1 -4
-52879  53248  5 -5
 42632  21416 -4 -2
-21061 -52871  2  5
-31676  53248  3 -5
 21376 -52876 -2  5
 42596 -52870 -4  5
 10775 -31649 -1  3